<?xml version="1.0" encoding="utf-8"?>
<COLLADA xmlns="http://www.collada.org/2005/11/COLLADASchema" version="1.4.1">
  <asset><contributor><author></author><authoring_tool>FBX COLLADA exporter</authoring_tool><comments></comments></contributor><created>2013-11-05T15:59:22Z</created><keywords></keywords><modified>2013-11-05T15:59:22Z</modified><revision></revision><subject></subject><title></title><unit meter="0.010000" name="centimeter"></unit><up_axis>Y_UP</up_axis></asset>
  <library_animations>
    <animation id="Hips-anim" name="Hips"><animation><source id="Hips-Matrix-animation-input"><float_array id="Hips-Matrix-animation-input-array" count="48">

0.041667 0.083333 0.125000 0.166667 0.208333 0.250000 0.291667 0.333333 0.375000 0.416667 0.458333 0.500000 0.541667 0.583333 0.625000 0.666667
0.708333 0.750000 0.791667 0.833333 0.875000 0.916667 0.958333 1.000000 1.041667 1.083333 1.125000 1.166667 1.208333 1.250000 1.291667 1.333333
1.375000 1.416667 1.458333 1.500000 1.541667 1.583333 1.625000 1.666667 1.708333 1.750000 1.791667 1.833333 1.875000 1.916667 1.958333 2.000000</float_array><technique_common><accessor source="#Hips-Matrix-animation-input-array" count="48"><param name="TIME" type="float"/></accessor></technique_common></source><source id="Hips-Matrix-animation-output-transform"><float_array id="Hips-Matrix-animation-output-transform-array" count="768">

1.000000 0.000000 0.000000 -2.593839 0.000000 0.998513 -0.054517 321.161194 0.000000 0.054517 0.998513 42.094967 0.000000 0.000000 0.000000 1.000000
1.000000 0.000000 0.000000 -2.593839 0.000000 0.998500 -0.054751 321.161194 0.000000 0.054751 0.998500 42.094967 0.000000 0.000000 0.000000 1.000000
1.000000 0.000000 0.000000 -2.593839 0.000000 0.998463 -0.055423 321.161194 0.000000 0.055423 0.998463 42.094967 0.000000 0.000000 0.000000 1.000000
1.000000 0.000000 0.000000 -2.593839 0.000000 0.998403 -0.056491 321.161194 0.000000 0.056491 0.998403 42.094967 0.000000 0.000000 0.000000 1.000000
1.000000 0.000000 0.000000 -2.593839 0.000000 0.998322 -0.057915 321.161194 0.000000 0.057915 0.998322 42.094967 0.000000 0.000000 0.000000 1.000000
1.000000 0.000000 0.000000 -2.593839 0.000000 0.998219 -0.059652 321.161194 0.000000 0.059652 0.998219 42.094967 0.000000 0.000000 0.000000 1.000000
1.000000 0.000000 0.000000 -2.593839 0.000000 0.998097 -0.061660 321.161194 0.000000 0.061660 0.998097 42.094967 0.000000 0.000000 0.000000 1.000000
1.000000 0.000000 0.000000 -2.593839 0.000000 0.997956 -0.063897 321.161194 0.000000 0.063897 0.997956 42.094967 0.000000 0.000000 0.000000 1.000000
1.000000 0.000000 0.000000 -2.593839 0.000000 0.997798 -0.066322 321.161194 0.000000 0.066322 0.997798 42.094967 0.000000 0.000000 0.000000 1.000000
1.000000 0.000000 0.000000 -2.593839 0.000000 0.997624 -0.068893 321.161194 0.000000 0.068893 0.997624 42.094967 0.000000 0.000000 0.000000 1.000000
1.000000 0.000000 0.000000 -2.593839 0.000000 0.997436 -0.071567 321.161194 0.000000 0.071567 0.997436 42.094967 0.000000 0.000000 0.000000 1.000000
1.000000 0.000000 0.000000 -2.593839 0.000000 0.997236 -0.074304 321.161194 0.000000 0.074304 0.997236 42.094967 0.000000 0.000000 0.000000 1.000000
1.000000 0.000000 0.000000 -2.593839 0.000000 0.997026 -0.077061 321.161194 0.000000 0.077061 0.997026 42.094967 0.000000 0.000000 0.000000 1.000000
1.000000 0.000000 0.000000 -2.593839 0.000000 0.996811 -0.079796 321.161194 0.000000 0.079796 0.996811 42.094967 0.000000 0.000000 0.000000 1.000000
1.000000 0.000000 0.000000 -2.593839 0.000000 0.996594 -0.082469 321.161194 0.000000 0.082469 0.996594 42.094967 0.000000 0.000000 0.000000 1.000000
1.000000 0.000000 0.000000 -2.593839 0.000000 0.996378 -0.085036 321.161194 0.000000 0.085036 0.996378 42.094967 0.000000 0.000000 0.000000 1.000000
1.000000 0.000000 0.000000 -2.593839 0.000000 0.996168 -0.087458 321.161194 0.000000 0.087458 0.996168 42.094967 0.000000 0.000000 0.000000 1.000000
1.000000 0.000000 0.000000 -2.593839 0.000000 0.995970 -0.089691 321.161194 0.000000 0.089691 0.995970 42.094967 0.000000 0.000000 0.000000 1.000000
1.000000 0.000000 0.000000 -2.593839 0.000000 0.995787 -0.091694 321.161194 0.000000 0.091694 0.995787 42.094967 0.000000 0.000000 0.000000 1.000000
1.000000 0.000000 0.000000 -2.593839 0.000000 0.995626 -0.093426 321.161194 0.000000 0.093426 0.995626 42.094967 0.000000 0.000000 0.000000 1.000000
1.000000 0.000000 0.000000 -2.593839 0.000000 0.995492 -0.094846 321.161194 0.000000 0.094846 0.995492 42.094967 0.000000 0.000000 0.000000 1.000000
1.000000 0.000000 0.000000 -2.593839 0.000000 0.995390 -0.095911 321.161194 0.000000 0.095911 0.995390 42.094967 0.000000 0.000000 0.000000 1.000000
1.000000 0.000000 0.000000 -2.593839 0.000000 0.995325 -0.096581 321.161194 0.000000 0.096581 0.995325 42.094967 0.000000 0.000000 0.000000 1.000000
1.000000 0.000000 0.000000 -2.593839 0.000000 0.995303 -0.096814 321.161194 0.000000 0.096814 0.995303 42.094967 0.000000 0.000000 0.000000 1.000000
1.000000 0.000000 0.000000 -2.593839 0.000000 0.995323 -0.096600 321.161194 0.000000 0.096600 0.995323 42.094967 0.000000 0.000000 0.000000 1.000000
1.000000 0.000000 0.000000 -2.593839 0.000000 0.995383 -0.095983 321.161194 0.000000 0.095983 0.995383 42.094967 0.000000 0.000000 0.000000 1.000000
1.000000 0.000000 0.000000 -2.593839 0.000000 0.995477 -0.094999 321.161194 0.000000 0.094999 0.995477 42.094967 0.000000 0.000000 0.000000 1.000000
1.000000 0.000000 0.000000 -2.593839 0.000000 0.995602 -0.093686 321.161194 0.000000 0.093686 0.995602 42.094967 0.000000 0.000000 0.000000 1.000000
1.000000 0.000000 0.000000 -2.593839 0.000000 0.995752 -0.092079 321.161194 0.000000 0.092079 0.995752 42.094967 0.000000 0.000000 0.000000 1.000000
1.000000 0.000000 0.000000 -2.593839 0.000000 0.995922 -0.090215 321.161194 0.000000 0.090215 0.995922 42.094967 0.000000 0.000000 0.000000 1.000000
1.000000 0.000000 0.000000 -2.593839 0.000000 0.996109 -0.088130 321.161194 0.000000 0.088130 0.996109 42.094967 0.000000 0.000000 0.000000 1.000000
1.000000 0.000000 0.000000 -2.593839 0.000000 0.996307 -0.085862 321.161194 0.000000 0.085862 0.996307 42.094967 0.000000 0.000000 0.000000 1.000000
1.000000 0.000000 0.000000 -2.593839 0.000000 0.996512 -0.083446 321.161194 0.000000 0.083446 0.996512 42.094967 0.000000 0.000000 0.000000 1.000000
1.000000 0.000000 0.000000 -2.593839 0.000000 0.996721 -0.080920 321.161194 0.000000 0.080920 0.996721 42.094967 0.000000 0.000000 0.000000 1.000000
1.000000 0.000000 0.000000 -2.593839 0.000000 0.996928 -0.078320 321.161194 0.000000 0.078320 0.996928 42.094967 0.000000 0.000000 0.000000 1.000000
1.000000 0.000000 0.000000 -2.593839 0.000000 0.997132 -0.075683 321.161194 0.000000 0.075683 0.997132 42.094967 0.000000 0.000000 0.000000 1.000000
1.000000 0.000000 0.000000 -2.593839 0.000000 0.997329 -0.073045 321.161194 0.000000 0.073045 0.997329 42.094967 0.000000 0.000000 0.000000 1.000000
1.000000 0.000000 0.000000 -2.593839 0.000000 0.997516 -0.070443 321.161194 0.000000 0.070443 0.997516 42.094967 0.000000 0.000000 0.000000 1.000000
1.000000 0.000000 0.000000 -2.593839 0.000000 0.997691 -0.067914 321.161194 0.000000 0.067914 0.997691 42.094967 0.000000 0.000000 0.000000 1.000000
1.000000 0.000000 0.000000 -2.593839 0.000000 0.997853 -0.065496 321.161194 0.000000 0.065496 0.997853 42.094967 0.000000 0.000000 0.000000 1.000000
1.000000 0.000000 0.000000 -2.593839 0.000000 0.997999 -0.063223 321.161194 0.000000 0.063223 0.997999 42.094967 0.000000 0.000000 0.000000 1.000000
1.000000 0.000000 0.000000 -2.593839 0.000000 0.998130 -0.061135 321.161194 0.000000 0.061135 0.998130 42.094967 0.000000 0.000000 0.000000 1.000000
1.000000 0.000000 0.000000 -2.593839 0.000000 0.998242 -0.059266 321.161194 0.000000 0.059266 0.998242 42.094967 0.000000 0.000000 0.000000 1.000000
1.000000 0.000000 0.000000 -2.593839 0.000000 0.998337 -0.057655 321.161194 0.000000 0.057655 0.998337 42.094967 0.000000 0.000000 0.000000 1.000000
1.000000 0.000000 0.000000 -2.593839 0.000000 0.998412 -0.056337 321.161194 0.000000 0.056337 0.998412 42.094967 0.000000 0.000000 0.000000 1.000000
1.000000 0.000000 0.000000 -2.593839 0.000000 0.998467 -0.055351 321.161194 0.000000 0.055351 0.998467 42.094967 0.000000 0.000000 0.000000 1.000000
1.000000 0.000000 0.000000 -2.593839 0.000000 0.998501 -0.054732 321.161194 0.000000 0.054732 0.998501 42.094967 0.000000 0.000000 0.000000 1.000000
1.000000 0.000000 0.000000 -2.593839 0.000000 0.998513 -0.054517 321.161194 0.000000 0.054517 0.998513 42.094967 0.000000 0.000000 0.000000 1.000000</float_array><technique_common><accessor source="#Hips-Matrix-animation-output-transform-array" count="48" stride="16"><param type="float4x4"/></accessor></technique_common></source><source id="Hips-Interpolations"><Name_array id="Hips-Interpolations-array" count="48">
 LINEAR LINEAR LINEAR LINEAR LINEAR LINEAR LINEAR LINEAR LINEAR LINEAR LINEAR
LINEAR LINEAR LINEAR LINEAR LINEAR LINEAR LINEAR LINEAR LINEAR LINEAR LINEAR LINEAR
LINEAR LINEAR LINEAR LINEAR LINEAR LINEAR LINEAR LINEAR LINEAR LINEAR LINEAR LINEAR
LINEAR LINEAR LINEAR LINEAR LINEAR LINEAR LINEAR LINEAR LINEAR LINEAR LINEAR LINEAR
LINEAR</Name_array><technique_common><accessor source="#Hips-Interpolations-array" count="48"><param type="name"/></accessor></technique_common></source><sampler id="Hips-Matrix-animation-transform"><input semantic="INPUT" source="#Hips-Matrix-animation-input"/><input semantic="OUTPUT" source="#Hips-Matrix-animation-output-transform"/><input semantic="INTERPOLATION" source="#Hips-Interpolations"/></sampler><channel source="#Hips-Matrix-animation-transform" target="Hips/matrix"/></animation><animation><source id="Hips-visibility-animation-input"><float_array id="Hips-visibility-animation-input-array" count="48">

0.041667 0.083333 0.125000 0.166667 0.208333 0.250000 0.291667 0.333333 0.375000 0.416667 0.458333 0.500000 0.541667 0.583333 0.625000 0.666667
0.708333 0.750000 0.791667 0.833333 0.875000 0.916667 0.958333 1.000000 1.041667 1.083333 1.125000 1.166667 1.208333 1.250000 1.291667 1.333333
1.375000 1.416667 1.458333 1.500000 1.541667 1.583333 1.625000 1.666667 1.708333 1.750000 1.791667 1.833333 1.875000 1.916667 1.958333 2.000000</float_array><technique_common><accessor source="#Hips-visibility-animation-input-array" count="48"><param name="TIME" type="float"/></accessor></technique_common></source><source id="Hips-visibility-animation-output"><float_array id="Hips-visibility-animation-output-array" count="48">

1.000000 1.000000 1.000000 1.000000 1.000000 1.000000 1.000000 1.000000 1.000000 1.000000 1.000000 1.000000 1.000000 1.000000 1.000000 1.000000
1.000000 1.000000 1.000000 1.000000 1.000000 1.000000 1.000000 1.000000 1.000000 1.000000 1.000000 1.000000 1.000000 1.000000 1.000000 1.000000
1.000000 1.000000 1.000000 1.000000 1.000000 1.000000 1.000000 1.000000 1.000000 1.000000 1.000000 1.000000 1.000000 1.000000 1.000000 1.000000</float_array><technique_common><accessor source="#Hips-visibility-animation-output-array" count="48"><param type="float"/></accessor></technique_common></source><source id="Hips-visibility-animation-intan"><float_array id="Hips-visibility-animation-intan-array" count="48">

0.000000 0.000000 0.000000 0.000000 0.000000 0.000000 0.000000 0.000000 0.000000 0.000000 0.000000 0.000000 0.000000 0.000000 0.000000 0.000000
0.000000 0.000000 0.000000 0.000000 0.000000 0.000000 0.000000 0.000000 0.000000 0.000000 0.000000 0.000000 0.000000 0.000000 0.000000 0.000000
0.000000 0.000000 0.000000 0.000000 0.000000 0.000000 0.000000 0.000000 0.000000 0.000000 0.000000 0.000000 0.000000 0.000000 0.000000 0.000000</float_array><technique_common><accessor source="#Hips-visibility-animation-intan-array" count="48"><param type="float"/></accessor></technique_common></source><source id="Hips-visibility-animation-outtan"><float_array id="Hips-visibility-animation-outtan-array" count="48">

0.000000 0.000000 0.000000 0.000000 0.000000 0.000000 0.000000 0.000000 0.000000 0.000000 0.000000 0.000000 0.000000 0.000000 0.000000 0.000000
0.000000 0.000000 0.000000 0.000000 0.000000 0.000000 0.000000 0.000000 0.000000 0.000000 0.000000 0.000000 0.000000 0.000000 0.000000 0.000000
0.000000 0.000000 0.000000 0.000000 0.000000 0.000000 0.000000 0.000000 0.000000 0.000000 0.000000 0.000000 0.000000 0.000000 0.000000 0.000000</float_array><technique_common><accessor source="#Hips-visibility-animation-outtan-array" count="48"><param type="float"/></accessor></technique_common></source><source id="Hips-visibility-animation-interpolation"><Name_array id="Hips-visibility-animation-interpolation-array" count="48">
 BEZIER BEZIER BEZIER BEZIER BEZIER BEZIER BEZIER BEZIER BEZIER BEZIER BEZIER
BEZIER BEZIER BEZIER BEZIER BEZIER BEZIER BEZIER BEZIER BEZIER BEZIER BEZIER BEZIER
BEZIER BEZIER BEZIER BEZIER BEZIER BEZIER BEZIER BEZIER BEZIER BEZIER BEZIER BEZIER
BEZIER BEZIER BEZIER BEZIER BEZIER BEZIER BEZIER BEZIER BEZIER BEZIER BEZIER BEZIER
BEZIER</Name_array><technique_common><accessor source="#Hips-visibility-animation-interpolation-array" count="48"><param type="name"/></accessor></technique_common></source><sampler id="Hips-visibility-animation"><input semantic="INPUT" source="#Hips-visibility-animation-input"/><input semantic="OUTPUT" source="#Hips-visibility-animation-output"/><input semantic="IN_TANGENT" source="#Hips-visibility-animation-intan"/><input semantic="OUT_TANGENT" source="#Hips-visibility-animation-outtan"/><input semantic="INTERPOLATION" source="#Hips-visibility-animation-interpolation"/></sampler><channel source="#Hips-visibility-animation" target="Hips/visibility"/></animation></animation>
    <animation id="Spine-anim" name="Spine"><animation><source id="Spine-Matrix-animation-input"><float_array id="Spine-Matrix-animation-input-array" count="48">

0.041667 0.083333 0.125000 0.166667 0.208333 0.250000 0.291667 0.333333 0.375000 0.416667 0.458333 0.500000 0.541667 0.583333 0.625000 0.666667
0.708333 0.750000 0.791667 0.833333 0.875000 0.916667 0.958333 1.000000 1.041667 1.083333 1.125000 1.166667 1.208333 1.250000 1.291667 1.333333
1.375000 1.416667 1.458333 1.500000 1.541667 1.583333 1.625000 1.666667 1.708333 1.750000 1.791667 1.833333 1.875000 1.916667 1.958333 2.000000</float_array><technique_common><accessor source="#Spine-Matrix-animation-input-array" count="48"><param name="TIME" type="float"/></accessor></technique_common></source><source id="Spine-Matrix-animation-output-transform"><float_array id="Spine-Matrix-animation-output-transform-array" count="768">

0.999999 -0.001542 -0.000105 -0.006379 0.001545 0.997704 0.067707 4.128349 -0.000000 -0.067707 0.997705 -0.280159 0.000000 0.000000 0.000000 1.000000
0.999999 -0.001542 -0.000105 -0.006379 0.001545 0.997704 0.067707 4.128349 -0.000000 -0.067707 0.997705 -0.280159 0.000000 0.000000 0.000000 1.000000
0.999999 -0.001542 -0.000105 -0.006379 0.001545 0.997704 0.067707 4.128349 -0.000000 -0.067707 0.997705 -0.280159 0.000000 0.000000 0.000000 1.000000
0.999999 -0.001542 -0.000105 -0.006379 0.001545 0.997704 0.067707 4.128349 -0.000000 -0.067707 0.997705 -0.280159 0.000000 0.000000 0.000000 1.000000
0.999999 -0.001542 -0.000105 -0.006379 0.001545 0.997704 0.067707 4.128349 -0.000000 -0.067707 0.997705 -0.280159 0.000000 0.000000 0.000000 1.000000
0.999999 -0.001542 -0.000105 -0.006379 0.001545 0.997704 0.067707 4.128349 -0.000000 -0.067707 0.997705 -0.280159 0.000000 0.000000 0.000000 1.000000
0.999999 -0.001542 -0.000105 -0.006379 0.001545 0.997704 0.067707 4.128349 -0.000000 -0.067707 0.997705 -0.280159 0.000000 0.000000 0.000000 1.000000
0.999999 -0.001542 -0.000105 -0.006379 0.001545 0.997704 0.067707 4.128349 -0.000000 -0.067707 0.997705 -0.280159 0.000000 0.000000 0.000000 1.000000
0.999999 -0.001542 -0.000105 -0.006379 0.001545 0.997704 0.067707 4.128349 -0.000000 -0.067707 0.997705 -0.280159 0.000000 0.000000 0.000000 1.000000
0.999999 -0.001542 -0.000105 -0.006379 0.001545 0.997704 0.067707 4.128349 -0.000000 -0.067707 0.997705 -0.280159 0.000000 0.000000 0.000000 1.000000
0.999999 -0.001542 -0.000105 -0.006379 0.001545 0.997704 0.067707 4.128349 0.000000 -0.067707 0.997705 -0.280159 0.000000 0.000000 0.000000 1.000000
0.999999 -0.001542 -0.000105 -0.006379 0.001545 0.997704 0.067707 4.128349 -0.000000 -0.067707 0.997705 -0.280159 0.000000 0.000000 0.000000 1.000000
0.999999 -0.001542 -0.000105 -0.006379 0.001545 0.997704 0.067707 4.128349 -0.000000 -0.067707 0.997705 -0.280159 0.000000 0.000000 0.000000 1.000000
0.999999 -0.001542 -0.000105 -0.006379 0.001545 0.997704 0.067707 4.128349 -0.000000 -0.067707 0.997705 -0.280159 0.000000 0.000000 0.000000 1.000000
0.999999 -0.001542 -0.000105 -0.006379 0.001545 0.997704 0.067707 4.128349 -0.000000 -0.067707 0.997705 -0.280159 0.000000 0.000000 0.000000 1.000000
0.999999 -0.001542 -0.000105 -0.006379 0.001545 0.997704 0.067707 4.128349 -0.000000 -0.067707 0.997705 -0.280159 0.000000 0.000000 0.000000 1.000000
0.999999 -0.001542 -0.000105 -0.006379 0.001545 0.997704 0.067707 4.128349 -0.000000 -0.067707 0.997705 -0.280159 0.000000 0.000000 0.000000 1.000000
0.999999 -0.001542 -0.000105 -0.006379 0.001545 0.997704 0.067707 4.128349 -0.000000 -0.067707 0.997705 -0.280159 0.000000 0.000000 0.000000 1.000000
0.999999 -0.001542 -0.000105 -0.006379 0.001545 0.997704 0.067707 4.128349 0.000000 -0.067707 0.997705 -0.280159 0.000000 0.000000 0.000000 1.000000
0.999999 -0.001542 -0.000105 -0.006379 0.001545 0.997704 0.067707 4.128349 -0.000000 -0.067707 0.997705 -0.280159 0.000000 0.000000 0.000000 1.000000
0.999999 -0.001542 -0.000105 -0.006379 0.001545 0.997704 0.067707 4.128349 -0.000000 -0.067707 0.997705 -0.280159 0.000000 0.000000 0.000000 1.000000
0.999999 -0.001542 -0.000105 -0.006379 0.001545 0.997704 0.067707 4.128349 0.000000 -0.067707 0.997705 -0.280159 0.000000 0.000000 0.000000 1.000000
0.999999 -0.001542 -0.000105 -0.006379 0.001545 0.997704 0.067707 4.128349 -0.000000 -0.067707 0.997705 -0.280159 0.000000 0.000000 0.000000 1.000000
0.999999 -0.001542 -0.000105 -0.006379 0.001545 0.997704 0.067707 4.128349 -0.000000 -0.067707 0.997705 -0.280159 0.000000 0.000000 0.000000 1.000000
0.999999 -0.001542 -0.000105 -0.006379 0.001545 0.997704 0.067707 4.128349 0.000000 -0.067707 0.997705 -0.280159 0.000000 0.000000 0.000000 1.000000
0.999999 -0.001542 -0.000105 -0.006379 0.001545 0.997704 0.067707 4.128349 0.000000 -0.067707 0.997705 -0.280159 0.000000 0.000000 0.000000 1.000000
0.999999 -0.001542 -0.000105 -0.006379 0.001545 0.997704 0.067707 4.128349 -0.000000 -0.067707 0.997705 -0.280159 0.000000 0.000000 0.000000 1.000000
0.999999 -0.001542 -0.000105 -0.006379 0.001545 0.997704 0.067707 4.128349 -0.000000 -0.067707 0.997705 -0.280159 0.000000 0.000000 0.000000 1.000000
0.999999 -0.001542 -0.000105 -0.006379 0.001545 0.997704 0.067707 4.128349 0.000000 -0.067707 0.997705 -0.280159 0.000000 0.000000 0.000000 1.000000
0.999999 -0.001542 -0.000105 -0.006379 0.001545 0.997704 0.067707 4.128349 -0.000000 -0.067707 0.997705 -0.280159 0.000000 0.000000 0.000000 1.000000
0.999999 -0.001542 -0.000105 -0.006379 0.001545 0.997704 0.067707 4.128349 -0.000000 -0.067707 0.997705 -0.280159 0.000000 0.000000 0.000000 1.000000
0.999999 -0.001542 -0.000105 -0.006379 0.001545 0.997704 0.067707 4.128349 0.000000 -0.067707 0.997705 -0.280159 0.000000 0.000000 0.000000 1.000000
0.999999 -0.001542 -0.000105 -0.006379 0.001545 0.997704 0.067707 4.128349 0.000000 -0.067707 0.997705 -0.280159 0.000000 0.000000 0.000000 1.000000
0.999999 -0.001542 -0.000105 -0.006379 0.001545 0.997704 0.067707 4.128349 -0.000000 -0.067707 0.997705 -0.280159 0.000000 0.000000 0.000000 1.000000
0.999999 -0.001542 -0.000105 -0.006379 0.001545 0.997704 0.067707 4.128349 -0.000000 -0.067707 0.997705 -0.280159 0.000000 0.000000 0.000000 1.000000
0.999999 -0.001542 -0.000105 -0.006379 0.001545 0.997704 0.067707 4.128349 -0.000000 -0.067707 0.997705 -0.280159 0.000000 0.000000 0.000000 1.000000
0.999999 -0.001542 -0.000105 -0.006379 0.001545 0.997704 0.067707 4.128349 -0.000000 -0.067707 0.997705 -0.280159 0.000000 0.000000 0.000000 1.000000
0.999999 -0.001542 -0.000105 -0.006379 0.001545 0.997704 0.067707 4.128349 -0.000000 -0.067707 0.997705 -0.280159 0.000000 0.000000 0.000000 1.000000
0.999999 -0.001542 -0.000105 -0.006379 0.001545 0.997704 0.067707 4.128349 -0.000000 -0.067707 0.997705 -0.280159 0.000000 0.000000 0.000000 1.000000
0.999999 -0.001542 -0.000105 -0.006379 0.001545 0.997704 0.067707 4.128349 -0.000000 -0.067707 0.997705 -0.280159 0.000000 0.000000 0.000000 1.000000
0.999999 -0.001542 -0.000105 -0.006379 0.001545 0.997704 0.067707 4.128349 -0.000000 -0.067707 0.997705 -0.280159 0.000000 0.000000 0.000000 1.000000
0.999999 -0.001542 -0.000105 -0.006379 0.001545 0.997704 0.067707 4.128349 -0.000000 -0.067707 0.997705 -0.280159 0.000000 0.000000 0.000000 1.000000
0.999999 -0.001542 -0.000105 -0.006379 0.001545 0.997704 0.067707 4.128349 -0.000000 -0.067707 0.997705 -0.280159 0.000000 0.000000 0.000000 1.000000
0.999999 -0.001542 -0.000105 -0.006379 0.001545 0.997704 0.067707 4.128349 -0.000000 -0.067707 0.997705 -0.280159 0.000000 0.000000 0.000000 1.000000
0.999999 -0.001542 -0.000105 -0.006379 0.001545 0.997704 0.067707 4.128349 -0.000000 -0.067707 0.997705 -0.280159 0.000000 0.000000 0.000000 1.000000
0.999999 -0.001542 -0.000105 -0.006379 0.001545 0.997704 0.067707 4.128349 -0.000000 -0.067707 0.997705 -0.280159 0.000000 0.000000 0.000000 1.000000
0.999999 -0.001542 -0.000105 -0.006379 0.001545 0.997704 0.067707 4.128349 -0.000000 -0.067707 0.997705 -0.280159 0.000000 0.000000 0.000000 1.000000
0.999999 -0.001542 -0.000105 -0.006379 0.001545 0.997704 0.067707 4.128349 -0.000000 -0.067707 0.997705 -0.280159 0.000000 0.000000 0.000000 1.000000</float_array><technique_common><accessor source="#Spine-Matrix-animation-output-transform-array" count="48" stride="16"><param type="float4x4"/></accessor></technique_common></source><source id="Spine-Interpolations"><Name_array id="Spine-Interpolations-array" count="48">
 LINEAR LINEAR LINEAR LINEAR LINEAR LINEAR LINEAR LINEAR LINEAR LINEAR LINEAR
LINEAR LINEAR LINEAR LINEAR LINEAR LINEAR LINEAR LINEAR LINEAR LINEAR LINEAR LINEAR
LINEAR LINEAR LINEAR LINEAR LINEAR LINEAR LINEAR LINEAR LINEAR LINEAR LINEAR LINEAR
LINEAR LINEAR LINEAR LINEAR LINEAR LINEAR LINEAR LINEAR LINEAR LINEAR LINEAR LINEAR
LINEAR</Name_array><technique_common><accessor source="#Spine-Interpolations-array" count="48"><param type="name"/></accessor></technique_common></source><sampler id="Spine-Matrix-animation-transform"><input semantic="INPUT" source="#Spine-Matrix-animation-input"/><input semantic="OUTPUT" source="#Spine-Matrix-animation-output-transform"/><input semantic="INTERPOLATION" source="#Spine-Interpolations"/></sampler><channel source="#Spine-Matrix-animation-transform" target="Spine/matrix"/></animation><animation><source id="Spine-visibility-animation-input"><float_array id="Spine-visibility-animation-input-array" count="48">

0.041667 0.083333 0.125000 0.166667 0.208333 0.250000 0.291667 0.333333 0.375000 0.416667 0.458333 0.500000 0.541667 0.583333 0.625000 0.666667
0.708333 0.750000 0.791667 0.833333 0.875000 0.916667 0.958333 1.000000 1.041667 1.083333 1.125000 1.166667 1.208333 1.250000 1.291667 1.333333
1.375000 1.416667 1.458333 1.500000 1.541667 1.583333 1.625000 1.666667 1.708333 1.750000 1.791667 1.833333 1.875000 1.916667 1.958333 2.000000</float_array><technique_common><accessor source="#Spine-visibility-animation-input-array" count="48"><param name="TIME" type="float"/></accessor></technique_common></source><source id="Spine-visibility-animation-output"><float_array id="Spine-visibility-animation-output-array" count="48">

1.000000 1.000000 1.000000 1.000000 1.000000 1.000000 1.000000 1.000000 1.000000 1.000000 1.000000 1.000000 1.000000 1.000000 1.000000 1.000000
1.000000 1.000000 1.000000 1.000000 1.000000 1.000000 1.000000 1.000000 1.000000 1.000000 1.000000 1.000000 1.000000 1.000000 1.000000 1.000000
1.000000 1.000000 1.000000 1.000000 1.000000 1.000000 1.000000 1.000000 1.000000 1.000000 1.000000 1.000000 1.000000 1.000000 1.000000 1.000000</float_array><technique_common><accessor source="#Spine-visibility-animation-output-array" count="48"><param type="float"/></accessor></technique_common></source><source id="Spine-visibility-animation-intan"><float_array id="Spine-visibility-animation-intan-array" count="48">

0.000000 0.000000 0.000000 0.000000 0.000000 0.000000 0.000000 0.000000 0.000000 0.000000 0.000000 0.000000 0.000000 0.000000 0.000000 0.000000
0.000000 0.000000 0.000000 0.000000 0.000000 0.000000 0.000000 0.000000 0.000000 0.000000 0.000000 0.000000 0.000000 0.000000 0.000000 0.000000
0.000000 0.000000 0.000000 0.000000 0.000000 0.000000 0.000000 0.000000 0.000000 0.000000 0.000000 0.000000 0.000000 0.000000 0.000000 0.000000</float_array><technique_common><accessor source="#Spine-visibility-animation-intan-array" count="48"><param type="float"/></accessor></technique_common></source><source id="Spine-visibility-animation-outtan"><float_array id="Spine-visibility-animation-outtan-array" count="48">

0.000000 0.000000 0.000000 0.000000 0.000000 0.000000 0.000000 0.000000 0.000000 0.000000 0.000000 0.000000 0.000000 0.000000 0.000000 0.000000
0.000000 0.000000 0.000000 0.000000 0.000000 0.000000 0.000000 0.000000 0.000000 0.000000 0.000000 0.000000 0.000000 0.000000 0.000000 0.000000
0.000000 0.000000 0.000000 0.000000 0.000000 0.000000 0.000000 0.000000 0.000000 0.000000 0.000000 0.000000 0.000000 0.000000 0.000000 0.000000</float_array><technique_common><accessor source="#Spine-visibility-animation-outtan-array" count="48"><param type="float"/></accessor></technique_common></source><source id="Spine-visibility-animation-interpolation"><Name_array id="Spine-visibility-animation-interpolation-array" count="48">
 BEZIER BEZIER BEZIER BEZIER BEZIER BEZIER BEZIER BEZIER BEZIER BEZIER BEZIER
BEZIER BEZIER BEZIER BEZIER BEZIER BEZIER BEZIER BEZIER BEZIER BEZIER BEZIER BEZIER
BEZIER BEZIER BEZIER BEZIER BEZIER BEZIER BEZIER BEZIER BEZIER BEZIER BEZIER BEZIER
BEZIER BEZIER BEZIER BEZIER BEZIER BEZIER BEZIER BEZIER BEZIER BEZIER BEZIER BEZIER
BEZIER</Name_array><technique_common><accessor source="#Spine-visibility-animation-interpolation-array" count="48"><param type="name"/></accessor></technique_common></source><sampler id="Spine-visibility-animation"><input semantic="INPUT" source="#Spine-visibility-animation-input"/><input semantic="OUTPUT" source="#Spine-visibility-animation-output"/><input semantic="IN_TANGENT" source="#Spine-visibility-animation-intan"/><input semantic="OUT_TANGENT" source="#Spine-visibility-animation-outtan"/><input semantic="INTERPOLATION" source="#Spine-visibility-animation-interpolation"/></sampler><channel source="#Spine-visibility-animation" target="Spine/visibility"/></animation></animation>
    <animation id="Spine1-anim" name="Spine1"><animation><source id="Spine1-Matrix-animation-input"><float_array id="Spine1-Matrix-animation-input-array" count="48">

0.041667 0.083333 0.125000 0.166667 0.208333 0.250000 0.291667 0.333333 0.375000 0.416667 0.458333 0.500000 0.541667 0.583333 0.625000 0.666667
0.708333 0.750000 0.791667 0.833333 0.875000 0.916667 0.958333 1.000000 1.041667 1.083333 1.125000 1.166667 1.208333 1.250000 1.291667 1.333333
1.375000 1.416667 1.458333 1.500000 1.541667 1.583333 1.625000 1.666667 1.708333 1.750000 1.791667 1.833333 1.875000 1.916667 1.958333 2.000000</float_array><technique_common><accessor source="#Spine1-Matrix-animation-input-array" count="48"><param name="TIME" type="float"/></accessor></technique_common></source><source id="Spine1-Matrix-animation-output-transform"><float_array id="Spine1-Matrix-animation-output-transform-array" count="768">

1.000000 -0.000000 0.000000 -0.000000 0.000000 1.000000 -0.000000 4.827489 0.000000 0.000000 1.000000 -0.000000 0.000000 0.000000 0.000000 1.000000
1.000000 -0.000000 -0.000000 -0.000000 -0.000000 1.000000 0.000000 4.827489 0.000000 0.000000 1.000000 -0.000000 0.000000 0.000000 0.000000 1.000000
1.000000 -0.000000 0.000000 -0.000000 0.000000 1.000000 0.000000 4.827489 0.000000 -0.000000 1.000000 -0.000000 0.000000 0.000000 0.000000 1.000000
1.000000 0.000000 0.000000 -0.000000 0.000000 1.000000 0.000000 4.827489 0.000000 -0.000000 1.000000 -0.000000 0.000000 0.000000 0.000000 1.000000
1.000000 0.000000 -0.000000 -0.000000 -0.000000 1.000000 0.000000 4.827489 0.000000 0.000000 1.000000 -0.000000 0.000000 0.000000 0.000000 1.000000
1.000000 0.000000 0.000000 -0.000000 -0.000000 1.000000 0.000000 4.827489 0.000000 0.000000 1.000000 -0.000000 0.000000 0.000000 0.000000 1.000000
1.000000 -0.000000 -0.000000 -0.000000 -0.000000 1.000000 0.000000 4.827489 0.000000 -0.000000 1.000000 -0.000000 0.000000 0.000000 0.000000 1.000000
1.000000 -0.000000 -0.000000 -0.000000 -0.000000 1.000000 0.000000 4.827489 0.000000 0.000000 1.000000 -0.000000 0.000000 0.000000 0.000000 1.000000
1.000000 -0.000000 0.000000 -0.000000 -0.000000 1.000000 -0.000000 4.827489 0.000000 -0.000000 1.000000 -0.000000 0.000000 0.000000 0.000000 1.000000
1.000000 0.000000 0.000000 -0.000000 -0.000000 1.000000 -0.000000 4.827489 0.000000 -0.000000 1.000000 -0.000000 0.000000 0.000000 0.000000 1.000000
1.000000 0.000000 0.000000 -0.000000 -0.000000 1.000000 0.000000 4.827489 0.000000 0.000000 1.000000 -0.000000 0.000000 0.000000 0.000000 1.000000
1.000000 0.000000 -0.000000 -0.000000 0.000000 1.000000 0.000000 4.827489 0.000000 0.000000 1.000000 -0.000000 0.000000 0.000000 0.000000 1.000000
1.000000 0.000000 0.000000 -0.000000 0.000000 1.000000 -0.000000 4.827489 0.000000 -0.000000 1.000000 -0.000000 0.000000 0.000000 0.000000 1.000000
1.000000 0.000000 -0.000000 -0.000000 -0.000000 1.000000 -0.000000 4.827489 0.000000 -0.000000 1.000000 -0.000000 0.000000 0.000000 0.000000 1.000000
1.000000 -0.000000 0.000000 -0.000000 -0.000000 1.000000 0.000000 4.827489 -0.000000 -0.000000 1.000000 -0.000000 0.000000 0.000000 0.000000 1.000000
1.000000 0.000000 0.000000 -0.000000 -0.000000 1.000000 0.000000 4.827489 0.000000 0.000000 1.000000 -0.000000 0.000000 0.000000 0.000000 1.000000
1.000000 0.000000 -0.000000 -0.000000 -0.000000 1.000000 -0.000000 4.827489 -0.000000 -0.000000 1.000000 -0.000000 0.000000 0.000000 0.000000 1.000000
1.000000 -0.000000 -0.000000 -0.000000 0.000000 1.000000 0.000000 4.827489 0.000000 0.000000 1.000000 -0.000000 0.000000 0.000000 0.000000 1.000000
1.000000 0.000000 -0.000000 -0.000000 -0.000000 1.000000 0.000000 4.827489 0.000000 0.000000 1.000000 -0.000000 0.000000 0.000000 0.000000 1.000000
1.000000 0.000000 -0.000000 -0.000000 -0.000000 1.000000 -0.000000 4.827489 0.000000 -0.000000 1.000000 -0.000000 0.000000 0.000000 0.000000 1.000000
1.000000 0.000000 0.000000 -0.000000 -0.000000 1.000000 -0.000000 4.827489 0.000000 0.000000 1.000000 -0.000000 0.000000 0.000000 0.000000 1.000000
1.000000 0.000000 0.000000 -0.000000 -0.000000 1.000000 0.000000 4.827489 0.000000 0.000000 1.000000 -0.000000 0.000000 0.000000 0.000000 1.000000
1.000000 -0.000000 -0.000000 -0.000000 -0.000000 1.000000 0.000000 4.827489 -0.000000 -0.000000 1.000000 -0.000000 0.000000 0.000000 0.000000 1.000000
1.000000 -0.000000 0.000000 -0.000000 -0.000000 1.000000 0.000000 4.827489 0.000000 0.000000 1.000000 -0.000000 0.000000 0.000000 0.000000 1.000000
1.000000 0.000000 -0.000000 -0.000000 -0.000000 1.000000 -0.000000 4.827489 0.000000 0.000000 1.000000 -0.000000 0.000000 0.000000 0.000000 1.000000
1.000000 -0.000000 -0.000000 -0.000000 -0.000000 1.000000 0.000000 4.827489 0.000000 -0.000000 1.000000 -0.000000 0.000000 0.000000 0.000000 1.000000
1.000000 0.000000 0.000000 -0.000000 0.000000 1.000000 -0.000000 4.827489 0.000000 0.000000 1.000000 -0.000000 0.000000 0.000000 0.000000 1.000000
1.000000 0.000000 0.000000 -0.000000 -0.000000 1.000000 0.000000 4.827489 0.000000 0.000000 1.000000 -0.000000 0.000000 0.000000 0.000000 1.000000
1.000000 -0.000000 -0.000000 -0.000000 0.000000 1.000000 -0.000000 4.827489 0.000000 -0.000000 1.000000 -0.000000 0.000000 0.000000 0.000000 1.000000
1.000000 0.000000 0.000000 -0.000000 -0.000000 1.000000 -0.000000 4.827489 0.000000 0.000000 1.000000 -0.000000 0.000000 0.000000 0.000000 1.000000
1.000000 -0.000000 0.000000 -0.000000 0.000000 1.000000 0.000000 4.827489 0.000000 -0.000000 1.000000 -0.000000 0.000000 0.000000 0.000000 1.000000
1.000000 0.000000 0.000000 -0.000000 -0.000000 1.000000 -0.000000 4.827489 0.000000 -0.000000 1.000000 -0.000000 0.000000 0.000000 0.000000 1.000000
1.000000 -0.000000 -0.000000 -0.000000 0.000000 1.000000 -0.000000 4.827489 0.000000 -0.000000 1.000000 -0.000000 0.000000 0.000000 0.000000 1.000000
1.000000 0.000000 0.000000 -0.000000 -0.000000 1.000000 0.000000 4.827489 -0.000000 -0.000000 1.000000 -0.000000 0.000000 0.000000 0.000000 1.000000
1.000000 0.000000 0.000000 -0.000000 0.000000 1.000000 0.000000 4.827489 0.000000 -0.000000 1.000000 -0.000000 0.000000 0.000000 0.000000 1.000000
1.000000 0.000000 0.000000 -0.000000 0.000000 1.000000 -0.000000 4.827489 0.000000 0.000000 1.000000 -0.000000 0.000000 0.000000 0.000000 1.000000
1.000000 0.000000 0.000000 -0.000000 -0.000000 1.000000 0.000000 4.827489 0.000000 0.000000 1.000000 -0.000000 0.000000 0.000000 0.000000 1.000000
1.000000 0.000000 -0.000000 -0.000000 -0.000000 1.000000 0.000000 4.827489 0.000000 0.000000 1.000000 -0.000000 0.000000 0.000000 0.000000 1.000000
1.000000 -0.000000 0.000000 -0.000000 -0.000000 1.000000 0.000000 4.827489 0.000000 -0.000000 1.000000 -0.000000 0.000000 0.000000 0.000000 1.000000
1.000000 0.000000 0.000000 -0.000000 -0.000000 1.000000 0.000000 4.827489 0.000000 0.000000 1.000000 -0.000000 0.000000 0.000000 0.000000 1.000000
1.000000 0.000000 0.000000 -0.000000 -0.000000 1.000000 0.000000 4.827489 0.000000 0.000000 1.000000 -0.000000 0.000000 0.000000 0.000000 1.000000
1.000000 -0.000000 -0.000000 -0.000000 -0.000000 1.000000 0.000000 4.827489 0.000000 0.000000 1.000000 -0.000000 0.000000 0.000000 0.000000 1.000000
1.000000 0.000000 0.000000 -0.000000 -0.000000 1.000000 -0.000000 4.827489 0.000000 -0.000000 1.000000 -0.000000 0.000000 0.000000 0.000000 1.000000
1.000000 0.000000 -0.000000 -0.000000 -0.000000 1.000000 0.000000 4.827489 0.000000 -0.000000 1.000000 -0.000000 0.000000 0.000000 0.000000 1.000000
1.000000 0.000000 -0.000000 -0.000000 -0.000000 1.000000 0.000000 4.827489 -0.000000 0.000000 1.000000 -0.000000 0.000000 0.000000 0.000000 1.000000
1.000000 0.000000 0.000000 -0.000000 -0.000000 1.000000 -0.000000 4.827489 0.000000 -0.000000 1.000000 -0.000000 0.000000 0.000000 0.000000 1.000000
1.000000 -0.000000 -0.000000 -0.000000 0.000000 1.000000 0.000000 4.827489 0.000000 0.000000 1.000000 -0.000000 0.000000 0.000000 0.000000 1.000000
1.000000 -0.000000 0.000000 -0.000000 0.000000 1.000000 -0.000000 4.827489 0.000000 0.000000 1.000000 -0.000000 0.000000 0.000000 0.000000 1.000000</float_array><technique_common><accessor source="#Spine1-Matrix-animation-output-transform-array" count="48" stride="16"><param type="float4x4"/></accessor></technique_common></source><source id="Spine1-Interpolations"><Name_array id="Spine1-Interpolations-array" count="48">
 LINEAR LINEAR LINEAR LINEAR LINEAR LINEAR LINEAR LINEAR LINEAR LINEAR LINEAR
LINEAR LINEAR LINEAR LINEAR LINEAR LINEAR LINEAR LINEAR LINEAR LINEAR LINEAR LINEAR
LINEAR LINEAR LINEAR LINEAR LINEAR LINEAR LINEAR LINEAR LINEAR LINEAR LINEAR LINEAR
LINEAR LINEAR LINEAR LINEAR LINEAR LINEAR LINEAR LINEAR LINEAR LINEAR LINEAR LINEAR
LINEAR</Name_array><technique_common><accessor source="#Spine1-Interpolations-array" count="48"><param type="name"/></accessor></technique_common></source><sampler id="Spine1-Matrix-animation-transform"><input semantic="INPUT" source="#Spine1-Matrix-animation-input"/><input semantic="OUTPUT" source="#Spine1-Matrix-animation-output-transform"/><input semantic="INTERPOLATION" source="#Spine1-Interpolations"/></sampler><channel source="#Spine1-Matrix-animation-transform" target="Spine1/matrix"/></animation><animation><source id="Spine1-visibility-animation-input"><float_array id="Spine1-visibility-animation-input-array" count="48">

0.041667 0.083333 0.125000 0.166667 0.208333 0.250000 0.291667 0.333333 0.375000 0.416667 0.458333 0.500000 0.541667 0.583333 0.625000 0.666667
0.708333 0.750000 0.791667 0.833333 0.875000 0.916667 0.958333 1.000000 1.041667 1.083333 1.125000 1.166667 1.208333 1.250000 1.291667 1.333333
1.375000 1.416667 1.458333 1.500000 1.541667 1.583333 1.625000 1.666667 1.708333 1.750000 1.791667 1.833333 1.875000 1.916667 1.958333 2.000000</float_array><technique_common><accessor source="#Spine1-visibility-animation-input-array" count="48"><param name="TIME" type="float"/></accessor></technique_common></source><source id="Spine1-visibility-animation-output"><float_array id="Spine1-visibility-animation-output-array" count="48">

1.000000 1.000000 1.000000 1.000000 1.000000 1.000000 1.000000 1.000000 1.000000 1.000000 1.000000 1.000000 1.000000 1.000000 1.000000 1.000000
1.000000 1.000000 1.000000 1.000000 1.000000 1.000000 1.000000 1.000000 1.000000 1.000000 1.000000 1.000000 1.000000 1.000000 1.000000 1.000000
1.000000 1.000000 1.000000 1.000000 1.000000 1.000000 1.000000 1.000000 1.000000 1.000000 1.000000 1.000000 1.000000 1.000000 1.000000 1.000000</float_array><technique_common><accessor source="#Spine1-visibility-animation-output-array" count="48"><param type="float"/></accessor></technique_common></source><source id="Spine1-visibility-animation-intan"><float_array id="Spine1-visibility-animation-intan-array" count="48">

0.000000 0.000000 0.000000 0.000000 0.000000 0.000000 0.000000 0.000000 0.000000 0.000000 0.000000 0.000000 0.000000 0.000000 0.000000 0.000000
0.000000 0.000000 0.000000 0.000000 0.000000 0.000000 0.000000 0.000000 0.000000 0.000000 0.000000 0.000000 0.000000 0.000000 0.000000 0.000000
0.000000 0.000000 0.000000 0.000000 0.000000 0.000000 0.000000 0.000000 0.000000 0.000000 0.000000 0.000000 0.000000 0.000000 0.000000 0.000000</float_array><technique_common><accessor source="#Spine1-visibility-animation-intan-array" count="48"><param type="float"/></accessor></technique_common></source><source id="Spine1-visibility-animation-outtan"><float_array id="Spine1-visibility-animation-outtan-array" count="48">

0.000000 0.000000 0.000000 0.000000 0.000000 0.000000 0.000000 0.000000 0.000000 0.000000 0.000000 0.000000 0.000000 0.000000 0.000000 0.000000
0.000000 0.000000 0.000000 0.000000 0.000000 0.000000 0.000000 0.000000 0.000000 0.000000 0.000000 0.000000 0.000000 0.000000 0.000000 0.000000
0.000000 0.000000 0.000000 0.000000 0.000000 0.000000 0.000000 0.000000 0.000000 0.000000 0.000000 0.000000 0.000000 0.000000 0.000000 0.000000</float_array><technique_common><accessor source="#Spine1-visibility-animation-outtan-array" count="48"><param type="float"/></accessor></technique_common></source><source id="Spine1-visibility-animation-interpolation"><Name_array id="Spine1-visibility-animation-interpolation-array" count="48">
 BEZIER BEZIER BEZIER BEZIER BEZIER BEZIER BEZIER BEZIER BEZIER BEZIER BEZIER
BEZIER BEZIER BEZIER BEZIER BEZIER BEZIER BEZIER BEZIER BEZIER BEZIER BEZIER BEZIER
BEZIER BEZIER BEZIER BEZIER BEZIER BEZIER BEZIER BEZIER BEZIER BEZIER BEZIER BEZIER
BEZIER BEZIER BEZIER BEZIER BEZIER BEZIER BEZIER BEZIER BEZIER BEZIER BEZIER BEZIER
