<?xml version="1.0" encoding="utf-8"?>
<COLLADA xmlns="http://www.collada.org/2005/11/COLLADASchema" version="1.4.1">
  <asset><contributor><author></author><authoring_tool>FBX COLLADA exporter</authoring_tool><comments></comments></contributor><created>2013-11-09T10:46:35Z</created><keywords></keywords><modified>2013-11-09T10:46:35Z</modified><revision></revision><subject></subject><title></title><unit meter="0.010000" name="centimeter"></unit><up_axis>Y_UP</up_axis></asset>
  <library_animations>
    <animation id="Hips-anim" name="Hips"><animation><source id="Hips-Matrix-animation-input"><float_array id="Hips-Matrix-animation-input-array" count="13">

0.041667 0.083333 0.125000 0.166667 0.208333 0.250000 0.291667 0.333333 0.375000 0.416667 0.458333 0.500000 0.541667</float_array><technique_common><accessor source="#Hips-Matrix-animation-input-array" count="13"><param name="TIME" type="float"/></accessor></technique_common></source><source id="Hips-Matrix-animation-output-transform"><float_array id="Hips-Matrix-animation-output-transform-array" count="208">

0.999003 0.013578 0.042519 -3.074074 -0.000000 0.952605 -0.304211 317.797668 -0.044634 0.303908 0.951655 39.592480 0.000000 0.000000 0.000000 1.000000
0.998092 0.018802 0.058812 -3.074074 -0.000026 0.952636 -0.304113 318.174103 -0.061744 0.303531 0.950819 39.592480 0.000000 0.000000 0.000000 1.000000
0.994532 0.031817 0.099463 -3.074074 -0.000082 0.952692 -0.303937 318.873138 -0.104428 0.302267 0.947486 39.592480 0.000000 0.000000 0.000000 1.000000
0.987179 0.048614 0.152035 -3.074074 -0.000120 0.952717 -0.303858 319.249573 -0.159618 0.299944 0.940508 39.592480 0.000000 0.000000 0.000000 1.000000
0.976765 0.065234 0.204143 -3.074074 -0.000103 0.952690 -0.303942 318.873138 -0.214312 0.296859 0.930562 39.592480 0.000000 0.000000 0.000000 1.000000
0.966693 0.077872 0.243805 -3.074074 -0.000040 0.952635 -0.304116 318.174103 -0.255940 0.293977 0.920908 39.592480 0.000000 0.000000 0.000000 1.000000
0.962166 0.082886 0.259550 -3.074074 -0.000000 0.952605 -0.304211 317.797668 -0.272463 0.292702 0.916564 39.592480 0.000000 0.000000 0.000000 1.000000
0.973183 0.069983 0.219129 -3.074074 -0.000134 0.952771 -0.303689 318.174103 -0.230033 0.295515 0.927230 39.592480 0.000000 0.000000 0.000000 1.000000
0.989945 0.043092 0.134732 -3.074074 -0.000260 0.953023 -0.302899 318.873138 -0.141455 0.299818 0.943451 39.592480 0.000000 0.000000 0.000000 1.000000
0.997728 0.020613 0.064144 -3.074074 -0.000242 0.953141 -0.302528 319.249573 -0.067374 0.301825 0.950980 39.592480 0.000000 0.000000 0.000000 1.000000
0.999565 0.009068 0.028071 -3.074074 -0.000154 0.953174 -0.302421 318.873138 -0.029499 0.302285 0.952761 39.592480 0.000000 0.000000 0.000000 1.000000
0.999974 0.002243 0.006905 -3.074074 -0.000050 0.953182 -0.302396 318.174103 -0.007260 0.302388 0.953157 39.592480 0.000000 0.000000 0.000000 1.000000
1.000000 0.000000 0.000000 -3.074074 0.000000 0.953183 -0.302394 317.797668 0.000000 0.302394 0.953183 39.592480 0.000000 0.000000 0.000000 1.000000</float_array><technique_common><accessor source="#Hips-Matrix-animation-output-transform-array" count="13" stride="16"><param type="float4x4"/></accessor></technique_common></source><source id="Hips-Interpolations"><Name_array id="Hips-Interpolations-array" count="13">
 LINEAR LINEAR LINEAR LINEAR LINEAR LINEAR LINEAR LINEAR LINEAR LINEAR LINEAR
LINEAR LINEAR</Name_array><technique_common><accessor source="#Hips-Interpolations-array" count="13"><param type="name"/></accessor></technique_common></source><sampler id="Hips-Matrix-animation-transform"><input semantic="INPUT" source="#Hips-Matrix-animation-input"/><input semantic="OUTPUT" source="#Hips-Matrix-animation-output-transform"/><input semantic="INTERPOLATION" source="#Hips-Interpolations"/></sampler><channel source="#Hips-Matrix-animation-transform" target="Hips/matrix"/></animation><animation><source id="Hips-visibility-animation-input"><float_array id="Hips-visibility-animation-input-array" count="13">

0.041667 0.083333 0.125000 0.166667 0.208333 0.250000 0.291667 0.333333 0.375000 0.416667 0.458333 0.500000 0.541667</float_array><technique_common><accessor source="#Hips-visibility-animation-input-array" count="13"><param name="TIME" type="float"/></accessor></technique_common></source><source id="Hips-visibility-animation-output"><float_array id="Hips-visibility-animation-output-array" count="13">

1.000000 1.000000 1.000000 1.000000 1.000000 1.000000 1.000000 1.000000 1.000000 1.000000 1.000000 1.000000 1.000000</float_array><technique_common><accessor source="#Hips-visibility-animation-output-array" count="13"><param type="float"/></accessor></technique_common></source><source id="Hips-visibility-animation-intan"><float_array id="Hips-visibility-animation-intan-array" count="13">

0.000000 0.000000 0.000000 0.000000 0.000000 0.000000 0.000000 0.000000 0.000000 0.000000 0.000000 0.000000 0.000000</float_array><technique_common><accessor source="#Hips-visibility-animation-intan-array" count="13"><param type="float"/></accessor></technique_common></source><source id="Hips-visibility-animation-outtan"><float_array id="Hips-visibility-animation-outtan-array" count="13">

0.000000 0.000000 0.000000 0.000000 0.000000 0.000000 0.000000 0.000000 0.000000 0.000000 0.000000 0.000000 0.000000</float_array><technique_common><accessor source="#Hips-visibility-animation-outtan-array" count="13"><param type="float"/></accessor></technique_common></source><source id="Hips-visibility-animation-interpolation"><Name_array id="Hips-visibility-animation-interpolation-array" count="13">
 BEZIER BEZIER BEZIER BEZIER BEZIER BEZIER BEZIER BEZIER BEZIER BEZIER BEZIER
BEZIER BEZIER</Name_array><technique_common><accessor source="#Hips-visibility-animation-interpolation-array" count="13"><param type="name"/></accessor></technique_common></source><sampler id="Hips-visibility-animation"><input semantic="INPUT" source="#Hips-visibility-animation-input"/><input semantic="OUTPUT" source="#Hips-visibility-animation-output"/><input semantic="IN_TANGENT" source="#Hips-visibility-animation-intan"/><input semantic="OUT_TANGENT" source="#Hips-visibility-animation-outtan"/><input semantic="INTERPOLATION" source="#Hips-visibility-animation-interpolation"/></sampler><channel source="#Hips-visibility-animation" target="Hips/visibility"/></animation></animation>
    <animation id="Spine-anim" name="Spine"><animation><source id="Spine-Matrix-animation-input"><float_array id="Spine-Matrix-animation-input-array" count="13">

0.041667 0.083333 0.125000 0.166667 0.208333 0.250000 0.291667 0.333333 0.375000 0.416667 0.458333 0.500000 0.541667</float_array><technique_common><accessor source="#Spine-Matrix-animation-input-array" count="13"><param name="TIME" type="float"/></accessor></technique_common></source><source id="Spine-Matrix-animation-output-transform"><float_array id="Spine-Matrix-animation-output-transform-array" count="208">

0.999999 -0.001542 -0.000105 -0.006379 0.001545 0.997704 0.067707 4.128349 0.000000 -0.067707 0.997705 -0.280159 0.000000 0.000000 0.000000 1.000000
0.999999 -0.001542 -0.000105 -0.006379 0.001545 0.997704 0.067707 4.128349 -0.000000 -0.067707 0.997705 -0.280159 0.000000 0.000000 0.000000 1.000000
0.999999 -0.001542 -0.000105 -0.006379 0.001545 0.997704 0.067707 4.128349 -0.000000 -0.067707 0.997705 -0.280159 0.000000 0.000000 0.000000 1.000000
0.999999 -0.001542 -0.000105 -0.006379 0.001545 0.997704 0.067707 4.128349 0.000000 -0.067707 0.997705 -0.280159 0.000000 0.000000 0.000000 1.000000
0.999999 -0.001542 -0.000105 -0.006379 0.001545 0.997704 0.067707 4.128349 0.000000 -0.067707 0.997705 -0.280159 0.000000 0.000000 0.000000 1.000000
0.999999 -0.001542 -0.000105 -0.006379 0.001545 0.997704 0.067707 4.128349 -0.000000 -0.067707 0.997705 -0.280159 0.000000 0.000000 0.000000 1.000000
0.999999 -0.001542 -0.000105 -0.006379 0.001545 0.997704 0.067707 4.128349 0.000000 -0.067707 0.997705 -0.280159 0.000000 0.000000 0.000000 1.000000
0.999999 -0.001542 -0.000105 -0.006379 0.001545 0.997704 0.067707 4.128349 0.000000 -0.067707 0.997705 -0.280159 0.000000 0.000000 0.000000 1.000000
0.999999 -0.001542 -0.000105 -0.006379 0.001545 0.997704 0.067707 4.128349 0.000000 -0.067707 0.997705 -0.280159 0.000000 0.000000 0.000000 1.000000
0.999999 -0.001542 -0.000105 -0.006379 0.001545 0.997704 0.067707 4.128349 0.000000 -0.067707 0.997705 -0.280159 0.000000 0.000000 0.000000 1.000000
0.999999 -0.001542 -0.000105 -0.006379 0.001545 0.997704 0.067707 4.128349 0.000000 -0.067707 0.997705 -0.280159 0.000000 0.000000 0.000000 1.000000
0.999999 -0.001542 -0.000105 -0.006379 0.001545 0.997704 0.067707 4.128349 0.000000 -0.067707 0.997705 -0.280159 0.000000 0.000000 0.000000 1.000000
0.999999 -0.001542 -0.000105 -0.006379 0.001545 0.997704 0.067707 4.128349 0.000000 -0.067707 0.997705 -0.280159 0.000000 0.000000 0.000000 1.000000</float_array><technique_common><accessor source="#Spine-Matrix-animation-output-transform-array" count="13" stride="16"><param type="float4x4"/></accessor></technique_common></source><source id="Spine-Interpolations"><Name_array id="Spine-Interpolations-array" count="13">
 LINEAR LINEAR LINEAR LINEAR LINEAR LINEAR LINEAR LINEAR LINEAR LINEAR LINEAR
LINEAR LINEAR</Name_array><technique_common><accessor source="#Spine-Interpolations-array" count="13"><param type="name"/></accessor></technique_common></source><sampler id="Spine-Matrix-animation-transform"><input semantic="INPUT" source="#Spine-Matrix-animation-input"/><input semantic="OUTPUT" source="#Spine-Matrix-animation-output-transform"/><input semantic="INTERPOLATION" source="#Spine-Interpolations"/></sampler><channel source="#Spine-Matrix-animation-transform" target="Spine/matrix"/></animation><animation><source id="Spine-visibility-animation-input"><float_array id="Spine-visibility-animation-input-array" count="13">

0.041667 0.083333 0.125000 0.166667 0.208333 0.250000 0.291667 0.333333 0.375000 0.416667 0.458333 0.500000 0.541667</float_array><technique_common><accessor source="#Spine-visibility-animation-input-array" count="13"><param name="TIME" type="float"/></accessor></technique_common></source><source id="Spine-visibility-animation-output"><float_array id="Spine-visibility-animation-output-array" count="13">

1.000000 1.000000 1.000000 1.000000 1.000000 1.000000 1.000000 1.000000 1.000000 1.000000 1.000000 1.000000 1.000000</float_array><technique_common><accessor source="#Spine-visibility-animation-output-array" count="13"><param type="float"/></accessor></technique_common></source><source id="Spine-visibility-animation-intan"><float_array id="Spine-visibility-animation-intan-array" count="13">

0.000000 0.000000 0.000000 0.000000 0.000000 0.000000 0.000000 0.000000 0.000000 0.000000 0.000000 0.000000 0.000000</float_array><technique_common><accessor source="#Spine-visibility-animation-intan-array" count="13"><param type="float"/></accessor></technique_common></source><source id="Spine-visibility-animation-outtan"><float_array id="Spine-visibility-animation-outtan-array" count="13">

0.000000 0.000000 0.000000 0.000000 0.000000 0.000000 0.000000 0.000000 0.000000 0.000000 0.000000 0.000000 0.000000</float_array><technique_common><accessor source="#Spine-visibility-animation-outtan-array" count="13"><param type="float"/></accessor></technique_common></source><source id="Spine-visibility-animation-interpolation"><Name_array id="Spine-visibility-animation-interpolation-array" count="13">
 BEZIER BEZIER BEZIER BEZIER BEZIER BEZIER BEZIER BEZIER BEZIER BEZIER BEZIER
BEZIER BEZIER</Name_array><technique_common><accessor source="#Spine-visibility-animation-interpolation-array" count="13"><param type="name"/></accessor></technique_common></source><sampler id="Spine-visibility-animation"><input semantic="INPUT" source="#Spine-visibility-animation-input"/><input semantic="OUTPUT" source="#Spine-visibility-animation-output"/><input semantic="IN_TANGENT" source="#Spine-visibility-animation-intan"/><input semantic="OUT_TANGENT" source="#Spine-visibility-animation-outtan"/><input semantic="INTERPOLATION" source="#Spine-visibility-animation-interpolation"/></sampler><channel source="#Spine-visibility-animation" target="Spine/visibility"/></animation></animation>
    <animation id="Spine1-anim" name="Spine1"><animation><source id="Spine1-Matrix-animation-input"><float_array id="Spine1-Matrix-animation-input-array" count="13">

0.041667 0.083333 0.125000 0.166667 0.208333 0.250000 0.291667 0.333333 0.375000 0.416667 0.458333 0.500000 0.541667</float_array><technique_common><accessor source="#Spine1-Matrix-animation-input-array" count="13"><param name="TIME" type="float"/></accessor></technique_common></source><source id="Spine1-Matrix-animation-output-transform"><float_array id="Spine1-Matrix-animation-output-transform-array" count="208">

0.966642 -0.061172 -0.248719 -0.000000 0.061267 0.998094 -0.007365 4.827489 0.248696 -0.008119 0.968548 -0.000000 0.000000 0.000000 0.000000 1.000000
0.966642 -0.061172 -0.248719 -0.000000 0.061267 0.998094 -0.007365 4.827489 0.248696 -0.008119 0.968548 -0.000000 0.000000 0.000000 0.000000 1.000000
0.966642 -0.061172 -0.248719 -0.000000 0.061267 0.998094 -0.007365 4.827489 0.248696 -0.008119 0.968548 -0.000000 0.000000 0.000000 0.000000 1.000000
0.966642 -0.061172 -0.248719 -0.000000 0.061267 0.998094 -0.007365 4.827489 0.248696 -0.008119 0.968548 -0.000000 0.000000 0.000000 0.000000 1.000000
0.966642 -0.061172 -0.248719 -0.000000 0.061267 0.998094 -0.007365 4.827489 0.248696 -0.008119 0.968548 -0.000000 0.000000 0.000000 0.000000 1.000000
0.966642 -0.061172 -0.248719 -0.000000 0.061267 0.998094 -0.007365 4.827489 0.248696 -0.008119 0.968548 -0.000000 0.000000 0.000000 0.000000 1.000000
0.966642 -0.061172 -0.248719 -0.000000 0.061267 0.998094 -0.007365 4.827489 0.248696 -0.008119 0.968548 -0.000000 0.000000 0.000000 0.000000 1.000000
0.966642 -0.061172 -0.248719 -0.000000 0.061267 0.998094 -0.007365 4.827489 0.248696 -0.008119 0.968548 -0.000000 0.000000 0.000000 0.000000 1.000000
0.966642 -0.061172 -0.248719 -0.000000 0.061267 0.998094 -0.007365 4.827489 0.248696 -0.008119 0.968548 -0.000000 0.000000 0.000000 0.000000 1.000000
0.966642 -0.061172 -0.248719 -0.000000 0.061267 0.998094 -0.007365 4.827489 0.248696 -0.008119 0.968548 -0.000000 0.000000 0.000000 0.000000 1.000000
0.966642 -0.061172 -0.248719 -0.000000 0.061267 0.998094 -0.007365 4.827489 0.248696 -0.008119 0.968548 -0.000000 0.000000 0.000000 0.000000 1.000000
0.966642 -0.061172 -0.248719 -0.000000 0.061267 0.998094 -0.007365 4.827489 0.248696 -0.008119 0.968548 -0.000000 0.000000 0.000000 0.000000 1.000000
0.966642 -0.061172 -0.248719 -0.000000 0.061267 0.998094 -0.007365 4.827489 0.248696 -0.008119 0.968548 -0.000000 0.000000 0.000000 0.000000 1.000000</float_array><technique_common><accessor source="#Spine1-Matrix-animation-output-transform-array" count="13" stride="16"><param type="float4x4"/></accessor></technique_common></source><source id="Spine1-Interpolations"><Name_array id="Spine1-Interpolations-array" count="13">
 LINEAR LINEAR LINEAR LINEAR LINEAR LINEAR LINEAR LINEAR LINEAR LINEAR LINEAR
LINEAR LINEAR</Name_array><technique_common><accessor source="#Spine1-Interpolations-array" count="13"><param type="name"/></accessor></technique_common></source><sampler id="Spine1-Matrix-animation-transform"><input semantic="INPUT" source="#Spine1-Matrix-animation-input"/><input semantic="OUTPUT" source="#Spine1-Matrix-animation-output-transform"/><input semantic="INTERPOLATION" source="#Spine1-Interpolations"/></sampler><channel source="#Spine1-Matrix-animation-transform" target="Spine1/matrix"/></animation><animation><source id="Spine1-visibility-animation-input"><float_array id="Spine1-visibility-animation-input-array" count="13">

0.041667 0.083333 0.125000 0.166667 0.208333 0.250000 0.291667 0.333333 0.375000 0.416667 0.458333 0.500000 0.541667</float_array><technique_common><accessor source="#Spine1-visibility-animation-input-array" count="13"><param name="TIME" type="float"/></accessor></technique_common></source><source id="Spine1-visibility-animation-output"><float_array id="Spine1-visibility-animation-output-array" count="13">

1.000000 1.000000 1.000000 1.000000 1.000000 1.000000 1.000000 1.000000 1.000000 1.000000 1.000000 1.000000 1.000000</float_array><technique_common><accessor source="#Spine1-visibility-animation-output-array" count="13"><param type="float"/></accessor></technique_common></source><source id="Spine1-visibility-animation-intan"><float_array id="Spine1-visibility-animation-intan-array" count="13">

0.000000 0.000000 0.000000 0.000000 0.000000 0.000000 0.000000 0.000000 0.000000 0.000000 0.000000 0.000000 0.000000</float_array><technique_common><accessor source="#Spine1-visibility-animation-intan-array" count="13"><param type="float"/></accessor></technique_common></source><source id="Spine1-visibility-animation-outtan"><float_array id="Spine1-visibility-animation-outtan-array" count="13">

0.000000 0.000000 0.000000 0.000000 0.000000 0.000000 0.000000 0.000000 0.000000 0.000000 0.000000 0.000000 0.000000</float_array><technique_common><accessor source="#Spine1-visibility-animation-outtan-array" count="13"><param type="float"/></accessor></technique_common></source><source id="Spine1-visibility-animation-interpolation"><Name_array id="Spine1-visibility-animation-interpolation-array" count="13">
 BEZIER BEZIER BEZIER BEZIER BEZIER BEZIER BEZIER BEZIER BEZIER BEZIER BEZIER
BEZIER BEZIER</Name_array><technique_common><accessor source="#Spine1-visibility-animation-interpolation-array" count="13"><param type="name"/></accessor></technique_common></source><sampler id="Spine1-visibility-animation"><input semantic="INPUT" source="#Spine1-visibility-animation-input"/><input semantic="OUTPUT" source="#Spine1-visibility-animation-output"/><input semantic="IN_TANGENT" source="#Spine1-visibility-animation-intan"/><input semantic="OUT_TANGENT" source="#Spine1-visibility-animation-outtan"/><input semantic="INTERPOLATION" source="#Spine1-visibility-animation-interpolation"/></sampler><channel source="#Spine1-visibility-animation" target="Spine1/visibility"/></animation></animation>
    <animation id="Spine2-anim" name="Spine2"><animation><source id="Spine2-Matrix-animation-input"><float_array id="Spine2-Matrix-animation-input-array" count="13">

0.041667 0.083333 0.125000 0.166667 0.208333 0.250000 0.291667 0.333333 0.375000 0.416667 0.458333 0.500000 0.541667</float_array><technique_common><accessor source="#Spine2-Matrix-animation-input-array" count="13"><param name="TIME" type="float"/></accessor></technique_common></source><source id="Spine2-Matrix-animation-output-transform"><float_array id="Spine2-Matrix-animation-output-transform-array" count="208">

0.981180 0.119289 0.151845 -0.000000 -0.090871 0.979093 -0.181990 5.517134 -0.170379 0.164767 0.971505 0.000000 0.000000 0.000000 0.000000 1.000000
0.983403 0.114487 0.140750 -0.000000 -0.088077 0.979472 -0.181322 5.517134 -0.158620 0.165915 0.973299 0.000000 0.000000 0.000000 0.000000 1.000000
0.988315 0.102375 0.112925 -0.000000 -0.080988 0.980337 -0.179945 5.517134 -0.129126 0.168697 0.977173 0.000000 0.000000 0.000000 0.000000 1.000000
0.993311 0.086408 0.076602 -0.000000 -0.071573 0.981281 -0.178789 5.517134 -0.090617 0.172111 0.980901 0.000000 0.000000 0.000000 0.000000 1.000000
0.996724 0.070201 0.040174 -0.000000 -0.061976 0.982012 -0.178358 5.517134 -0.051972 0.175284 0.983145 0.000000 0.000000 0.000000 0.000000 1.000000
0.998267 0.057578 0.012123 -0.000000 -0.054496 0.982425 -0.178523 5.517134 -0.022189 0.177553 0.983861 0.000000 0.000000 0.000000 0.000000 1.000000
0.998621 0.052493 0.000904 -0.000000 -0.051486 0.982554 -0.178710 5.517134 -0.010269 0.178417 0.983901 0.000000 0.000000 0.000000 0.000000 1.000000
0.998267 0.057578 0.012123 -0.000000 -0.054496 0.982425 -0.178523 5.517134 -0.022189 0.177553 0.983861 0.000000 0.000000 0.000000 0.000000 1.000000
0.996724 0.070201 0.040174 -0.000000 -0.061976 0.982012 -0.178358 5.517134 -0.051972 0.175284 0.983145 0.000000 0.000000 0.000000 0.000000 1.000000
0.993311 0.086408 0.076602 -0.000000 -0.071573 0.981281 -0.178789 5.517134 -0.090617 0.172111 0.980901 0.000000 0.000000 0.000000 0.000000 1.000000
0.988315 0.102375 0.112925 -0.000000 -0.080988 0.980337 -0.179945 5.517134 -0.129126 0.168697 0.977173 0.000000 0.000000 0.000000 0.000000 1.000000
0.983403 0.114487 0.140750 -0.000000 -0.088077 0.979472 -0.181322 5.517134 -0.158620 0.165915 0.973299 0.000000 0.000000 0.000000 0.000000 1.000000
0.981180 0.119289 0.151845 -0.000000 -0.090871 0.979093 -0.181990 5.517134 -0.170379 0.164767 0.971505 0.000000 0.000000 0.000000 0.000000 1.000000</float_array><technique_common><accessor source="#Spine2-Matrix-animation-output-transform-array" count="13" stride="16"><param type="float4x4"/></accessor></technique_common></source><source id="Spine2-Interpolations"><Name_array id="Spine2-Interpolations-array" count="13">
 LINEAR LINEAR LINEAR LINEAR LINEAR LINEAR LINEAR LINEAR LINEAR LINEAR LINEAR
LINEAR LINEAR</Name_array><technique_common><accessor source="#Spine2-Interpolations-array" count="13"><param type="name"/></accessor></technique_common></source><sampler id="Spine2-Matrix-animation-transform"><input semantic="INPUT" source="#Spine2-Matrix-animation-input"/><input semantic="OUTPUT" source="#Spine2-Matrix-animation-output-transform"/><input semantic="INTERPOLATION" source="#Spine2-Interpolations"/></sampler><channel source="#Spine2-Matrix-animation-transform" target="Spine2/matrix"/></animation><animation><source id="Spine2-visibility-animation-input"><float_array id="Spine2-visibility-animation-input-array" count="13">

0.041667 0.083333 0.125000 0.166667 0.208333 0.250000 0.291667 0.333333 0.375000 0.416667 0.458333 0.500000 0.541667</float_array><technique_common><accessor source="#Spine2-visibility-animation-input-array" count="13"><param name="TIME" type="float"/></accessor></technique_common></source><source id="Spine2-visibility-animation-output"><float_array id="Spine2-visibility-animation-output-array" count="13">

1.000000 1.000000 1.000000 1.000000 1.000000 1.000000 1.000000 1.000000 1.000000 1.000000 1.000000 1.000000 1.000000</float_array><technique_common><accessor source="#Spine2-visibility-animation-output-array" count="13"><param type="float"/></accessor></technique_common></source><source id="Spine2-visibility-animation-intan"><float_array id="Spine2-visibility-animation-intan-array" count="13">

0.000000 0.000000 0.000000 0.000000 0.000000 0.000000 0.000000 0.000000 0.000000 0.000000 0.000000 0.000000 0.000000</float_array><technique_common><accessor source="#Spine2-visibility-animation-intan-array" count="13"><param type="float"/></accessor></technique_common></source><source id="Spine2-visibility-animation-outtan"><float_array id="Spine2-visibility-animation-outtan-array" count="13">

0.000000 0.000000 0.000000 0.000000 0.000000 0.000000 0.000000 0.000000 0.000000 0.000000 0.000000 0.000000 0.000000</float_array><technique_common><accessor source="#Spine2-visibility-animation-outtan-array" count="13"><param type="float"/></accessor></technique_common></source><source id="Spine2-visibility-animation-interpolation"><Name_array id="Spine2-visibility-animation-interpolation-array" count="13">
 BEZIER BEZIER BEZIER BEZIER BEZIER BEZIER BEZIER BEZIER BEZIER BEZIER BEZIER
BEZIER BEZIER</Name_array><technique_common><accessor source="#Spine2-visibility-animation-interpolation-array" count="13"><param type="name"/></accessor></technique_common></source><sampler id="Spine2-visibility-animation"><input semantic="INPUT" source="#Spine2-visibility-animation-input"/><input semantic="OUTPUT" source="#Spine2-visibility-animation-output"/><input semantic="IN_TANGENT" source="#Spine2-visibility-animation-intan"/><input semantic="OUT_TANGENT" source="#Spine2-visibility-animation-outtan"/><input semantic="INTERPOLATION" source="#Spine2-visibility-animation-interpolation"/></sampler><channel source="#Spine2-visibility-animation" target="Spine2/visibility"/></animation></animation>
    <animation id="Neck-anim" name="Neck"><animation><source id="Neck-Matrix-animation-input"><float_array id="Neck-Matrix-animation-input-array" count="13">

0.041667 0.083333 0.125000 0.166667 0.208333 0.250000 0.291667 0.333333 0.375000 0.416667 0.458333 0.500000 0.541667</float_array><technique_common><accessor source="#Neck-Matrix-animation-input-array" count="13"><param name="TIME" type="float"/></accessor></technique_common></source><source id="Neck-Matrix-animation-output-transform"><float_array id="Neck-Matrix-animation-output-transform-array" count="208">

0.999999 0.001545 0.000000 0.000000 -0.001542 0.997704 -0.067707 6.206772 -0.000105 0.067707 0.997705 0.000006 0.000000 0.000000 0.000000 1.000000
0.999999 0.001545 0.000000 0.000000 -0.001542 0.997704 -0.067707 6.206772 -0.000105 0.067707 0.997705 0.000006 0.000000 0.000000 0.000000 1.000000
0.999999 0.001545 0.000000 0.000000 -0.001542 0.997704 -0.067707 6.206772 -0.000105 0.067707 0.997705 0.000006 0.000000 0.000000 0.000000 1.000000
0.999999 0.001545 0.000000 0.000000 -0.001542 0.997704 -0.067707 6.206772 -0.000105 0.067707 0.997705 0.000006 0.000000 0.000000 0.000000 1.000000
0.999999 0.001545 0.000000 0.000000 -0.001542 0.997704 -0.067707 6.206772 -0.000105 0.067707 0.997705 0.000006 0.000000 0.000000 0.000000 1.000000
0.999999 0.001545 0.000000 0.000000 -0.001542 0.997704 -0.067707 6.206772 -0.000105 0.067707 0.997705 0.000006 0.000000 0.000000 0.000000 1.000000
0.999999 0.001545 0.000000 0.000000 -0.001542 0.997704 -0.067707 6.206772 -0.000105 0.067707 0.997705 0.000006 0.000000 0.000000 0.000000 1.000000
0.999999 0.001545 0.000000 0.000000 -0.001542 0.997704 -0.067707 6.206772 -0.000105 0.067707 0.997705 0.000006 0.000000 0.000000 0.000000 1.000000
0.999999 0.001545 0.000000 0.000000 -0.001542 0.997704 -0.067707 6.206772 -0.000105 0.067707 0.997705 0.000006 0.000000 0.000000 0.000000 1.000000
0.999999 0.001545 0.000000 0.000000 -0.001542 0.997704 -0.067707 6.206772 -0.000105 0.067707 0.997705 0.000006 0.000000 0.000000 0.000000 1.000000
0.999999 0.001545 0.000000 0.000000 -0.001542 0.997704 -0.067707 6.206772 -0.000105 0.067707 0.997705 0.000006 0.000000 0.000000 0.000000 1.000000
0.999999 0.001545 0.000000 0.000000 -0.001542 0.997704 -0.067707 6.206772 -0.000105 0.067707 0.997705 0.000006 0.000000 0.000000 0.000000 1.000000
0.999999 0.001545 0.000000 0.000000 -0.001542 0.997704 -0.067707 6.206772 -0.000105 0.067707 0.997705 0.000006 0.000000 0.000000 0.000000 1.000000</float_array><technique_common><accessor source="#Neck-Matrix-animation-output-transform-array" count="13" stride="16"><param type="float4x4"/></accessor></technique_common></source><source id="Neck-Interpolations"><Name_array id="Neck-Interpolations-array" count="13">
 LINEAR LINEAR LINEAR LINEAR LINEAR LINEAR LINEAR LINEAR LINEAR LINEAR LINEAR
LINEAR LINEAR</Name_array><technique_common><accessor source="#Neck-Interpolations-array" count="13"><param type="name"/></accessor></technique_common></source><sampler id="Neck-Matrix-animation-transform"><input semantic="INPUT" source="#Neck-Matrix-animation-input"/><input semantic="OUTPUT" source="#Neck-Matrix-animation-output-transform"/><input semantic="INTERPOLATION" source="#Neck-Interpolations"/></sampler><channel source="#Neck-Matrix-animation-transform" target="Neck/matrix"/></animation><animation><source id="Neck-visibility-animation-input"><float_array id="Neck-visibility-animation-input-array" count="13">

0.041667 0.083333 0.125000 0.166667 0.208333 0.250000 0.291667 0.333333 0.375000 0.416667 0.458333 0.500000 0.541667</float_array><technique_common><accessor source="#Neck-visibility-animation-input-array" count="13"><param name="TIME" type="float"/></accessor></technique_common></source><source id="Neck-visibility-animation-output"><float_array id="Neck-visibility-animation-output-array" count="13">

1.000000 1.000000 1.000000 1.000000 1.000000 1.000000 1.000000 1.000000 1.000000 1.000000 1.000000 1.000000 1.000000</float_array><technique_common><accessor source="#Neck-visibility-animation-output-array" count="13"><param type="float"/></accessor></technique_common></source><source id="Neck-visibility-animation-intan"><float_array id="Neck-visibility-animation-intan-array" count="13">

0.000000 0.000000 0.000000 0.000000 0.000000 0.000000 0.000000 0.000000 0.000000 0.000000 0.000000 0.000000 0.000000</float_array><technique_common><accessor source="#Neck-visibility-animation-intan-array" count="13"><param type="float"/></accessor></technique_common></source><source id="Neck-visibility-animation-outtan"><float_array id="Neck-visibility-animation-outtan-array" count="13">

0.000000 0.000000 0.000000 0.000000 0.000000 0.000000 0.000000 0.000000 0.000000 0.000000 0.000000 0.000000 0.000000</float_array><technique_common><accessor source="#Neck-visibility-animation-outtan-array" count="13"><param type="float"/></accessor></technique_common></source><source id="Neck-visibility-animation-interpolation"><Name_array id="Neck-visibility-animation-interpolation-array" count="13">
 BEZIER BEZIER BEZIER BEZIER BEZIER BEZIER BEZIER BEZIER BEZIER BEZIER BEZIER
BEZIER BEZIER</Name_array><technique_common><accessor source="#Neck-visibility-animation-interpolation-array" count="13"><param type="name"/></accessor></technique_common></source><sampler id="Neck-visibility-animation"><input semantic="INPUT" source="#Neck-visibility-animation-input"/><input semantic="OUTPUT" source="#Neck-visibility-animation-output"/><input semantic="IN_TANGENT" source="#Neck-visibility-animation-intan"/><input semantic="OUT_TANGENT" source="#Neck-visibility-animation-outtan"/><input semantic="INTERPOLATION" source="#Neck-visibility-animation-interpolation"/></sampler><channel source="#Neck-visibility-animation" target="Neck/visibility"/></animation></animation>
    <animation id="Head-anim" name="Head"><animation><source id="Head-Matrix-animation-input"><float_array id="Head-Matrix-animation-input-array" count="13">

0.041667 0.083333 0.125000 0.166667 0.208333 0.250000 0.291667 0.333333 0.375000 0.416667 0.458333 0.500000 0.541667</float_array><technique_common><accessor source="#Head-Matrix-animation-input-array" count="13"><param name="TIME" type="float"/></accessor></technique_common></source><source id="Head-Matrix-animation-output-transform"><float_array id="Head-Matrix-animation-output-transform-array" count="208">

0.998201 -0.023942 0.054965 -0.000000 0.006495 0.954586 0.297865 1.868131 -0.059600 -0.296972 0.953024 0.714169 0.000000 0.000000 0.000000 1.000000
0.998515 -0.025202 0.048307 -0.000000 0.009683 0.954567 0.297840 1.868131 -0.053619 -0.296930 0.953393 0.714169 0.000000 0.000000 0.000000 1.000000
0.999096 -0.028357 0.031657 -0.000000 0.017662 0.954526 0.297604 1.868131 -0.038656 -0.296776 0.954165 0.714169 0.000000 0.000000 0.000000 1.000000
0.999423 -0.032473 0.010006 0.000000 0.028040 0.954490 0.296920 1.868131 -0.019193 -0.296468 0.954850 0.714169 0.000000 0.000000 0.000000 1.000000
0.999262 -0.036609 -0.011637 0.000000 0.038413 0.954473 0.295813 1.868131 0.000278 -0.296042 0.955175 0.714169 0.000000 0.000000 0.000000 1.000000
0.998807 -0.039806 -0.028273 -0.000000 0.046380 0.954472 0.294672 1.868131 0.015256 -0.295632 0.955180 0.714169 0.000000 0.000000 0.000000 1.000000
0.998545 -0.041089 -0.034922 -0.000000 0.049562 0.954475 0.294146 1.868131 0.021246 -0.295449 0.955122 0.714169 0.000000 0.000000 0.000000 1.000000
0.998807 -0.039806 -0.028273 0.000000 0.046380 0.954472 0.294672 1.868131 0.015256 -0.295632 0.955180 0.714169 0.000000 0.000000 0.000000 1.000000
0.999262 -0.036609 -0.011637 0.000000 0.038413 0.954473 0.295813 1.868131 0.000278 -0.296042 0.955175 0.714169 0.000000 0.000000 0.000000 1.000000
0.999423 -0.032473 0.010006 -0.000000 0.028040 0.954490 0.296920 1.868131 -0.019193 -0.296468 0.954850 0.714169 0.000000 0.000000 0.000000 1.000000
0.999096 -0.028357 0.031657 0.000000 0.017662 0.954526 0.297604 1.868131 -0.038656 -0.296776 0.954165 0.714169 0.000000 0.000000 0.000000 1.000000
0.998515 -0.025202 0.048307 0.000000 0.009683 0.954567 0.297840 1.868131 -0.053619 -0.296930 0.953393 0.714169 0.000000 0.000000 0.000000 1.000000
0.998201 -0.023942 0.054965 0.000000 0.006495 0.954586 0.297865 1.868131 -0.059600 -0.296972 0.953024 0.714169 0.000000 0.000000 0.000000 1.000000</float_array><technique_common><accessor source="#Head-Matrix-animation-output-transform-array" count="13" stride="16"><param type="float4x4"/></accessor></technique_common></source><source id="Head-Interpolations"><Name_array id="Head-Interpolations-array" count="13">
 LINEAR LINEAR LINEAR LINEAR LINEAR LINEAR LINEAR LINEAR LINEAR LINEAR LINEAR
LINEAR LINEAR</Name_array><technique_common><accessor source="#Head-Interpolations-array" count="13"><param type="name"/></accessor></technique_common></source><sampler id="Head-Matrix-animation-transform"><input semantic="INPUT" source="#Head-Matrix-animation-input"/><input semantic="OUTPUT" source="#Head-Matrix-animation-output-transform"/><input semantic="INTERPOLATION" source="#Head-Interpolations"/></sampler><channel source="#Head-Matrix-animation-transform" target="Head/matrix"/></animation><animation><source id="Head-visibility-animation-input"><float_array id="Head-visibility-animation-input-array" count="13">

0.041667 0.083333 0.125000 0.166667 0.208333 0.250000 0.291667 0.333333 0.375000 0.416667 0.458333 0.500000 0.541667</float_array><technique_common><accessor source="#Head-visibility-animation-input-array" count="13"><param name="TIME" type="float"/></accessor></technique_common></source><source id="Head-visibility-animation-output"><float_array id="Head-visibility-animation-output-array" count="13">

1.000000 1.000000 1.000000 1.000000 1.000000 1.000000 1.000000 1.000000 1.000000 1.000000 1.000000 1.000000 1.000000</float_array><technique_common><accessor source="#Head-visibility-animation-output-array" count="13"><param type="float"/></accessor></technique_common></source><source id="Head-visibility-animation-intan"><float_array id="Head-visibility-animation-intan-array" count="13">

0.000000 0.000000 0.000000 0.000000 0.000000 0.000000 0.000000 0.000000 0.000000 0.000000 0.000000 0.000000 0.000000</float_array><technique_common><accessor source="#Head-visibility-animation-intan-array" count="13"><param type="float"/></accessor></technique_common></source><source id="Head-visibility-animation-outtan"><float_array id="Head-visibility-animation-outtan-array" count="13">

0.000000 0.000000 0.000000 0.000000 0.000000 0.000000 0.000000 0.000000 0.000000 0.000000 0.000000 0.000000 0.000000</float_array><technique_common><accessor source="#Head-visibility-animation-outtan-array" count="13"><param type="float"/></accessor></technique_common></source><source id="Head-visibility-animation-interpolation"><Name_array id="Head-visibility-animation-interpolation-array" count="13">
 BEZIER BEZIER BEZIER BEZIER BEZIER BEZIER BEZIER BEZIER BEZIER BEZIER BEZIER
BEZIER BEZIER</Name_array><technique_common><accessor source="#Head-visibility-animation-interpolation-array" count="13"><param type="name"/></accessor></technique_common></source><sampler id="Head-visibility-animation"><input semantic="INPUT" source="#Head-visibility-animation-input"/><input semantic="OUTPUT" source="#Head-visibility-animation-output"/><input semantic="IN_TANGENT" source="#Head-visibility-animation-intan"/><input semantic="OUT_TANGENT" source="#Head-visibility-animation-outtan"/><input semantic="INTERPOLATION" source="#Head-visibility-animation-interpolation"/></sampler><channel source="#Head-visibility-animation" target="Head/visibility"/></animation></animation>
    <animation id="HeadTop_End-anim" name="HeadTop_End"><animation><source id="HeadTop_End-Matrix-animation-input"><float_array id="HeadTop_End-Matrix-animation-input-array" count="13">

0.041667 0.083333 0.125000 0.166667 0.208333 0.250000 0.291667 0.333333 0.375000 0.416667 0.458333 0.500000 0.541667</float_array><technique_common><accessor source="#HeadTop_End-Matrix-animation-input-array" count="13"><param name="TIME" type="float"/></accessor></technique_common></source><source id="HeadTop_End-Matrix-animation-output-transform"><float_array id="HeadTop_End-Matrix-animation-output-transform-array" count="208">

1.000000 -0.000000 -0.000000 -0.000000 0.000000 1.000000 0.000000 8.409115 -0.000000 0.000000 1.000000 3.214741 0.000000 0.000000 0.000000 1.000000
1.000000 0.000000 0.000000 -0.000000 -0.000000 1.000000 -0.000000 8.409115 0.000000 0.000000 1.000000 3.214741 0.000000 0.000000 0.000000 1.000000
1.000000 -0.000000 -0.000000 -0.000000 0.000000 1.000000 0.000000 8.409115 0.000000 0.000000 1.000000 3.214741 0.000000 0.000000 0.000000 1.000000
1.000000 -0.000000 -0.000000 -0.000000 0.000000 1.000000 0.000000 8.409115 0.000000 0.000000 1.000000 3.214741 0.000000 0.000000 0.000000 1.000000
1.000000 0.000000 -0.000000 -0.000000 -0.000000 1.000000 -0.000000 8.409115 0.000000 -0.000000 1.000000 3.214741 0.000000 0.000000 0.000000 1.000000
1.000000 0.000000 0.000000 -0.000000 -0.000000 1.000000 0.000000 8.409115 -0.000000 -0.000000 1.000000 3.214741 0.000000 0.000000 0.000000 1.000000
1.000000 -0.000000 0.000000 0.000000 0.000000 1.000000 0.000000 8.409115 0.000000 0.000000 1.000000 3.214741 0.000000 0.000000 0.000000 1.000000
1.000000 0.000000 0.000000 0.000000 -0.000000 1.000000 0.000000 8.409115 0.000000 0.000000 1.000000 3.214741 0.000000 0.000000 0.000000 1.000000
1.000000 0.000000 0.000000 -0.000000 0.000000 1.000000 0.000000 8.409115 0.000000 0.000000 1.000000 3.214741 0.000000 0.000000 0.000000 1.000000
1.000000 -0.000000 0.000000 -0.000000 0.000000 1.000000 0.000000 8.409115 0.000000 0.000000 1.000000 3.214741 0.000000 0.000000 0.000000 1.000000
1.000000 0.000000 0.000000 -0.000000 0.000000 1.000000 -0.000000 8.409115 0.000000 0.000000 1.000000 3.214741 0.000000 0.000000 0.000000 1.000000
1.000000 -0.000000 -0.000000 -0.000000 0.000000 1.000000 0.000000 8.409115 0.000000 -0.000000 1.000000 3.214741 0.000000 0.000000 0.000000 1.000000
1.000000 -0.000000 0.000000 -0.000000 0.000000 1.000000 0.000000 8.409115 -0.000000 0.000000 1.000000 3.214741 0.000000 0.000000 0.000000 1.000000</float_array><technique_common><accessor source="#HeadTop_End-Matrix-animation-output-transform-array" count="13" stride="16"><param type="float4x4"/></accessor></technique_common></source><source id="HeadTop_End-Interpolations"><Name_array id="HeadTop_End-Interpolations-array" count="13">
 LINEAR LINEAR LINEAR LINEAR LINEAR LINEAR LINEAR LINEAR LINEAR LINEAR LINEAR
LINEAR LINEAR</Name_array><technique_common><accessor source="#HeadTop_End-Interpolations-array" count="13"><param type="name"/></accessor></technique_common></source><sampler id="HeadTop_End-Matrix-animation-transform"><input semantic="INPUT" source="#HeadTop_End-Matrix-animation-input"/><input semantic="OUTPUT" source="#HeadTop_End-Matrix-animation-output-transform"/><input semantic="INTERPOLATION" source="#HeadTop_End-Interpolations"/></sampler><channel source="#HeadTop_End-Matrix-animation-transform" target="HeadTop_End/matrix"/></animation><animation><source id="HeadTop_End-visibility-animation-input"><float_array id="HeadTop_End-visibility-animation-input-array" count="13">

0.041667 0.083333 0.125000 0.166667 0.208333 0.250000 0.291667 0.333333 0.375000 0.416667 0.458333 0.500000 0.541667</float_array><technique_common><accessor source="#HeadTop_End-visibility-animation-input-array" count="13"><param name="TIME" type="float"/></accessor></technique_common></source><source id="HeadTop_End-visibility-animation-output"><float_array id="HeadTop_End-visibility-animation-output-array" count="13">

